image: swarmlab_map.pgm
resolution: 0.050000
origin: [-6.224209, -6.218272, 0.000000]
negate: 0
occupied_thresh: 0.65
free_thresh: 0.196

